clf;
hold on; grid on;

e_in = [0.43794310092926025, 0.50042718648910522, 0.44542017579078674, 0.41482546925544739, 0.44845923781394958, 0.41604909300804138, 0.39837339520454407, 0.40713599324226379, 0.41254034638404846, 0.40484920144081116, 0.39077678322792053, 0.38248884677886963, 0.38548308610916138, 0.38837778568267822, 0.38146573305130005, 0.37254330515861511, 0.36963304877281189, 0.37086495757102966, 0.37097057700157166, 0.36764883995056152, 0.36242315173149109, 0.35855546593666077, 0.35783734917640686, 0.35815775394439697, 0.35612913966178894, 0.35212248563766479, 0.34913545846939087, 0.34821644425392151, 0.34776750206947327, 0.34611979126930237, 0.34335330128669739, 0.34097650647163391, 0.3400152325630188, 0.33947283029556274, 0.33779525756835938, 0.33545380830764771, 0.33391878008842468, 0.33318698406219482, 0.33212271332740784, 0.33033359050750732, 0.32865902781486511, 0.32777026295661926, 0.32699185609817505, 0.32556527853012085, 0.32410049438476562, 0.32324099540710449, 0.32245352864265442, 0.32121750712394714, 0.3199780285358429, 0.31921389698982239, 0.31843438744544983, 0.31730145215988159, 0.3163503110408783, 0.31569397449493408, 0.31485500931739807, 0.31388828158378601, 0.31317040324211121, 0.31251135468482971, 0.31164944171905518, 0.31088289618492126, 0.31028231978416443, 0.30955931544303894, 0.30881163477897644, 0.30822750926017761, 0.30761218070983887, 0.30692028999328613, 0.30635493993759155, 0.30580666661262512, 0.30520108342170715, 0.3046775758266449, 0.30419397354125977, 0.30364865064620972, 0.30317184329032898, 0.30271777510643005, 0.30221590399742126, 0.30177339911460876, 0.3013349175453186, 0.30087247490882874, 0.30045977234840393, 0.30003467202186584, 0.29961049556732178, 0.29922494292259216, 0.29882270097732544, 0.29843166470527649, 0.29806482791900635, 0.29768237471580505, 0.29732289910316467, 0.29696658253669739, 0.29661044478416443, 0.29627004265785217, 0.2959246039390564, 0.29559299349784851, 0.29525893926620483, 0.29493188858032227, 0.29461532831192017, 0.29429188370704651, 0.29398128390312195, 0.29367175698280334, 0.29336994886398315, 0.29307544231414795, 0.29278120398521423, 0.29249602556228638, 0.29221558570861816, 0.29194504022598267, 0.29167282581329346, 0.29141661524772644, 0.29116395115852356, 0.29092276096343994, 0.29068419337272644, 0.29045560956001282, 0.29023626446723938, 0.29001951217651367, 0.28980985283851624, 0.28960183262825012, 0.28939849138259888, 0.28919979929924011, 0.28900143504142761, 0.28880420327186584, 0.28861001133918762, 0.28841739892959595, 0.28822442889213562, 0.28803589940071106, 0.28784635663032532, 0.28765904903411865, 0.28747549653053284, 0.28729218244552612, 0.28710928559303284, 0.28692734241485596, 0.28674846887588501, 0.28657388687133789, 0.28639355301856995, 0.28622010350227356, 0.2860465943813324, 0.28587374091148376, 0.28570520877838135, 0.28553628921508789, 0.28536555171012878, 0.28519776463508606, 0.28503307700157166, 0.28486645221710205, 0.28470310568809509, 0.28454449772834778, 0.28438243269920349, 0.28422510623931885, 0.28406822681427002, 0.28391066193580627, 0.28375703096389771, 0.28360423445701599, 0.28345191478729248, 0.28330013155937195, 0.28315189480781555, 0.2830033004283905, 0.2828521728515625, 0.28270396590232849, 0.28255686163902283, 0.28240969777107239, 0.28226274251937866, 0.28211966156959534, 0.28197675943374634, 0.28183120489120483, 0.28169238567352295, 0.28155401349067688, 0.28141665458679199, 0.28128042817115784, 0.2811475396156311, 0.28101670742034912, 0.28088521957397461, 0.28076136112213135, 0.28063496947288513, 0.28050804138183594, 0.28038486838340759, 0.28025960922241211, 0.28013724088668823, 0.28001439571380615, 0.27989205718040466, 0.27976992726325989, 0.27964779734611511, 0.27952566742897034, 0.27940359711647034, 0.27928158640861511, 0.2791595458984375, 0.27903756499290466, 0.27891579270362854, 0.27879470586776733, 0.27867570519447327, 0.27855473756790161, 0.27843666076660156, 0.27831587195396423, 0.27819785475730896, 0.27807644009590149, 0.27795848250389099, 0.27783778309822083, 0.27772054076194763, 0.27760276198387146, 0.27748146653175354, 0.27736368775367737, 0.27724644541740417, 0.27712893486022949, 0.27700924873352051, 0.27690008282661438, 0.27680501341819763, 0.27676865458488464, 0.27693760395050049, 0.27731320261955261, 0.27810671925544739, 0.27711933851242065, 0.27624621987342834, 0.27612414956092834, 0.27656438946723938, 0.27670398354530334, 0.27585810422897339, 0.27571138739585876, 0.27613711357116699, 0.27583277225494385, 0.27536007761955261, 0.27528852224349976, 0.27545052766799927, 0.27536571025848389, 0.27495867013931274, 0.27487325668334961, 0.27500802278518677, 0.27483990788459778, 0.27456215023994446, 0.274443119764328, 0.27447390556335449, 0.27443081140518188, 0.27420052886009216, 0.27403226494789124, 0.27399733662605286, 0.27396568655967712, 0.2738507091999054, 0.27366754412651062, 0.27354440093040466, 0.27349373698234558, 0.27343711256980896, 0.27333524823188782, 0.27318751811981201, 0.2730560302734375, 0.27296483516693115, 0.27289867401123047, 0.27282676100730896, 0.27272024750709534, 0.2725994884967804, 0.27247658371925354, 0.27236935496330261, 0.27227663993835449, 0.27219083905220032, 0.27210995554924011, 0.27202293276786804, 0.27193281054496765, 0.27183544635772705, 0.27174261212348938, 0.27163845300674438, 0.27154654264450073, 0.27145272493362427, 0.27136796712875366];

