best_Eval_01:  0.151583963507 c: 10000 n: 184
best_Eval_abs: 0.289661602655 c: 100   n: 122
